0 31 837 85 -1
0 34 751 237 32
0 35 880 174 32
0 36 1002 209 33
0 37 861 270 33
0 42 512 333 38
0 44 674 449 43
0 45 786 417 43
0 46 461 578 40
0 47 591 436 40
0 48 707 635 41
0 49 457 677 41
0 60 810 624 59
0 61 776 660 59
0 64 559 874 58
0 65 568 943 58
0 66 422 780 56
0 67 518 848 56
0 78 524 674 74
0 79 518 713 74
0 80 671 702 75
0 81 574 833 75
0 82 636 478 76
0 83 574 558 76
0 84 642 534 77
0 85 651 619 77
0 100 349 870 99
0 101 495 941 99
0 102 810 492 98
0 103 941 640 98
0 104 785 554 96
0 105 913 606 96
0 106 685 851 97
0 107 778 838 97
0 118 1047 377 114
0 119 953 368 114
0 120 932 409 115
0 121 879 331 115
0 122 454 526 116
0 123 542 537 116
0 124 750 453 117
0 125 845 381 117
0 136 549 483 132
0 137 340 452 132
0 140 433 348 138
0 141 770 288 138
0 142 607 568 139
0 143 550 740 139
0 148 543 592 134
0 149 444 789 134
0 152 591 281 135
0 153 708 323 135
0 171 1019 307 165
0 172 227 543 166
0 173 249 453 166
0 174 448 484 167
0 175 391 366 167
0 178 1068 499 169
0 179 1240 343 169
0 184 461 640 13
0 185 880 829 13
0 193 820 895 192
0 194 783 929 192
0 205 857 740 201
0 207 951 946 200
0 210 860 997 199
0 211 860 907 199
0 228 750 690 206
0 229 771 701 206
0 230 794 895 203
0 231 750 942 203
0 249 610 927 240
0 252 738 755 242
0 264 616 859 248
0 265 606 891 248
0 270 580 1016 250
0 271 564 1039 250
0 272 712 905 251
0 273 705 960 251
0 278 779 877 253
0 279 809 870 253
0 280 814 678 254
0 281 840 700 254
0 282 760 533 255
0 283 833 542 255
0 284 728 807 256
0 285 709 812 256
0 286 636 827 257
0 287 662 834 257
0 288 648 878 258
0 289 642 917 258
0 290 723 859 259
0 291 742 857 259
0 292 510 986 260
0 293 520 925 260
0 296 627 976 261
0 297 606 1005 261
0 302 633 946 262
0 303 657 961 262
0 306 633 1032 263
0 307 647 1024 263
0 312 979 938 311
0 313 1123 880 311
0 316 923 897 315
0 317 936 971 315
0 318 991 921 314
0 319 1179 865 314
0 326 164 925 22
0 333 309 739 330
0 337 353 960 334
0 338 241 999 335
0 339 283 1033 335
0 340 404 654 332
0 341 378 742 332
0 353 45 792 351
0 354 44 854 351
0 355 128 736 349
0 356 256 760 349
0 357 227 798 350
0 358 297 923 350
0 373 394 967 365
0 374 480 913 365
0 375 269 735 366
0 376 311 894 366
0 385 327 941 370
0 386 384 920 370
0 391 527 899 369
0 392 556 918 369
0 396 290 565 26
0 397 470 737 395
0 401 343 674 398
0 402 302 669 398
0 418 214 609 409
0 419 244 676 410
0 420 455 829 410
0 421 210 874 411
0 423 264 801 412
0 424 297 871 412
0 425 273 683 413
0 426 330 489 413
0 427 388 599 414
0 428 320 706 414
0 429 593 747 415
0 430 500 805 415
0 431 322 782 416
0 432 339 831 416
0 441 371 742 417
0 442 378 755 417
0 446 358 124 28
0 447 127 168 445
0 448 221 259 445
0 450 903 116 29
0 458 1338 503 456
0 459 1283 734 453
0 460 1244 824 453
0 461 1128 565 454
0 479 1284 228 473
0 480 1229 461 473
0 481 1027 196 474
0 482 1118 255 474
0 483 1207 14 475
0 484 1098 317 475
0 485 1319 133 477
0 486 1241 54 477
0 493 1198 960 491
0 494 1096 946 491
0 497 1340 937 495
0 498 1299 941 495
0 511 1148 969 510
0 519 234 353 516
0 526 113 1037 521
0 527 145 709 524
0 528 229 757 524
0 534 14 858 532
0 535 153 860 532
0 536 232 770 533
0 537 187 833 533
0 547 417 926 545
0 548 443 997 545
0 549 388 840 546
0 562 178 205 560
0 563 126 138 561
0 564 111 164 561
0 567 125 213 445
0 573 72 945 571
0 585 53 61 584
0 586 44 71 584
0 592 133 809 591
0 593 50 817 591
0 595 876 909 594
0 596 874 969 594
0 601 317 1020 352
0 605 393 1005 603
0 610 403 1027 609
0 614 346 999 613
0 615 342 1032 613
0 618 464 1013 -1
0 619 431 875 -1
0 622 22 996 621
0 623 60 989 621
0 627 177 1002 626
0 628 226 1036 -1
0 634 473 1035 -1
0 635 448 1025 -1
0 645 507 1036 -1
0 651 1070 1000 -1
0 657 1016 999 -1
0 663 1361 874 -1
0 667 1266 642 -1
0 669 1346 643 -1
0 674 1134 338 673
0 675 1253 376 673
0 680 1271 99 -1
0 681 1362 87 -1
0 682 1352 34 -1
0 690 1227 24 688
0 691 1209 32 688
0 693 1059 188 692
0 694 1131 37 692
0 702 100 47 701
0 703 133 20 701
0 705 140 52 -1
0 708 118 302 707
0 709 29 345 707
0 712 46 34 710
0 715 28 297 -1
1 31 837 85 -1
1 34 751 236 32
1 35 879 174 32
1 36 1002 209 33
1 37 861 270 33
1 42 510 334 38
1 44 673 447 43
1 45 785 417 43
1 46 462 578 40
1 47 591 435 40
1 48 707 634 41
1 49 458 678 41
1 60 812 624 59
1 61 775 660 59
1 64 559 872 58
1 65 566 945 58
1 66 423 778 56
1 67 517 848 56
1 78 524 673 74
1 79 517 713 74
1 80 672 701 75
1 81 575 834 75
1 82 639 477 76
1 83 573 561 76
1 84 643 534 77
1 85 652 618 77
1 100 348 870 99
1 101 495 942 99
1 102 811 492 98
1 103 942 639 98
1 104 785 556 96
1 105 913 605 96
1 106 685 853 97
1 107 778 837 97
1 118 1051 376 114
1 119 952 369 114
1 120 932 411 115
1 121 880 331 115
1 122 453 527 116
1 123 542 536 116
1 124 748 453 117
1 125 846 381 117
1 136 550 482 132
1 137 340 451 132
1 140 432 348 138
1 141 770 287 138
1 142 607 565 139
1 143 551 740 139
1 148 543 593 134
1 149 444 790 134
1 152 591 280 135
1 153 709 324 135
1 171 1021 307 165
1 172 228 545 166
1 173 252 451 166
1 174 450 484 167
1 175 391 365 167
1 178 1069 497 169
1 179 1240 343 169
1 184 460 640 13
1 185 881 829 13
1 193 821 896 192
1 194 785 930 192
1 205 856 740 201
1 207 950 946 200
1 210 860 997 199
1 211 860 907 199
1 228 748 688 206
1 229 771 702 206
1 230 794 895 203
1 231 750 942 203
1 249 611 928 240
1 252 738 754 242
1 264 616 858 248
1 265 606 891 248
1 270 581 1016 250
1 271 564 1039 250
1 272 713 905 251
1 273 705 960 251
1 278 778 877 253
1 279 809 872 253
1 280 814 678 254
1 281 840 700 254
1 282 760 533 255
1 283 833 541 255
1 284 729 807 256
1 285 708 812 256
1 286 636 827 257
1 287 662 835 257
1 288 649 878 258
1 289 643 917 258
1 290 723 858 259
1 291 742 857 259
1 292 510 987 260
1 293 521 926 260
1 296 627 976 261
1 297 607 1005 261
1 302 633 946 262
1 303 657 961 262
1 306 633 1032 263
1 307 647 1024 263
1 312 979 938 311
1 313 1124 881 311
1 316 925 898 315
1 317 936 972 315
1 318 993 921 314
1 319 1180 867 314
1 326 164 925 22
1 333 308 738 330
1 337 353 960 334
1 338 240 997 335
1 339 284 1033 335
1 340 403 654 332
1 341 378 743 332
1 353 44 791 351
1 354 43 853 351
1 355 127 736 349
1 356 256 761 349
1 357 226 798 350
1 358 296 924 350
1 373 394 967 365
1 374 479 912 365
1 375 268 734 366
1 376 311 894 366
1 385 328 943 370
1 386 384 918 370
1 391 528 900 369
1 392 557 918 369
1 396 291 565 26
1 397 470 736 395
1 401 344 674 398
1 402 302 668 398
1 418 214 608 409
1 419 245 675 410
1 420 455 829 410
1 421 209 874 411
1 423 262 802 412
1 424 297 871 412
1 425 273 685 413
1 426 330 490 413
1 427 386 598 414
1 428 319 705 414
1 429 594 747 415
1 430 500 804 415
1 431 321 781 416
1 432 339 830 416
1 441 370 743 417
1 442 379 754 417
1 446 358 124 28
1 447 127 168 445
1 448 223 260 445
1 450 907 116 29
1 458 1338 503 456
1 459 1283 734 453
1 460 1244 826 453
1 461 1128 566 454
1 479 1283 227 473
1 480 1229 459 473
1 481 1026 195 474
1 482 1118 254 474
1 483 1208 13 475
1 484 1098 316 475
1 485 1320 134 477
1 486 1241 54 477
1 493 1199 961 491
1 494 1097 945 491
1 497 1340 937 495
1 498 1299 940 495
1 511 1147 969 510
1 519 233 353 516
1 526 114 1038 521
1 527 143 709 524
1 528 228 756 524
1 534 14 859 532
1 535 153 862 532
1 536 231 769 533
1 537 187 833 533
1 547 417 924 545
1 548 443 996 545
1 549 387 839 546
1 562 178 205 560
1 563 126 137 561
1 564 109 163 561
1 567 123 213 445
1 573 71 945 571
1 585 52 62 584
1 586 43 71 584
1 592 133 813 591
1 593 49 816 591
1 595 876 909 594
1 596 873 969 594
1 601 317 1018 352
1 605 392 1006 603
1 610 404 1027 609
1 614 345 998 613
1 615 342 1032 613
1 618 465 1014 -1
1 619 431 871 -1
1 622 23 995 621
1 623 59 989 621
1 627 177 1002 626
1 628 225 1036 -1
1 634 473 1035 -1
1 635 448 1025 -1
1 645 508 1032 -1
1 651 1072 1001 -1
1 657 1017 999 -1
1 663 1361 872 -1
1 667 1265 642 -1
1 669 1342 641 -1
1 674 1133 340 673
1 675 1253 377 673
1 680 1270 99 -1
1 681 1365 86 -1
1 682 1351 33 -1
1 690 1229 24 688
1 691 1207 32 688
1 693 1058 187 692
1 694 1133 37 692
1 702 99 46 701
1 703 132 20 701
1 705 141 51 -1
1 708 120 300 707
1 709 29 344 707
1 712 46 35 710
1 715 29 297 -1
2 31 837 85 -1
2 34 751 236 32
2 35 879 174 32
2 36 1003 208 33
2 37 861 270 33
2 42 507 336 38
2 44 671 445 43
2 45 784 417 43
2 46 462 578 40
2 47 592 434 40
2 48 708 632 41
2 49 458 678 41
2 60 815 623 59
2 61 773 659 59
2 64 559 869 58
2 65 565 948 58
2 66 423 777 56
2 67 516 848 56
2 78 524 672 74
2 79 516 714 74
2 80 672 700 75
2 81 575 835 75
2 82 642 475 76
2 83 572 562 76
2 84 645 533 77
2 85 654 616 77
2 100 347 870 99
2 101 494 943 99
2 102 812 493 98
2 103 942 639 98
2 104 785 558 96
2 105 914 603 96
2 106 685 855 97
2 107 778 836 97
2 118 1054 375 114
2 119 952 370 114
2 120 932 412 115
2 121 882 331 115
2 122 452 528 116
2 123 543 535 116
2 124 747 453 117
2 125 847 381 117
2 136 550 480 132
2 137 340 450 132
2 140 431 349 138
2 141 770 286 138
2 142 607 564 139
2 143 551 741 139
2 148 543 594 134
2 149 444 792 134
2 152 591 280 135
2 153 709 324 135
2 171 1021 307 165
2 172 229 547 166
2 173 254 448 166
2 174 452 483 167
2 175 391 365 167
2 178 1069 495 169
2 179 1240 344 169
2 184 459 640 13
2 185 882 829 13
2 193 823 898 192
2 194 787 931 192
2 205 856 741 201
2 207 950 945 200
2 210 860 998 199
2 211 860 907 199
2 228 746 686 206
2 229 771 703 206
2 230 794 896 203
2 231 751 942 203
2 249 613 928 240
2 252 738 754 242
2 264 616 857 248
2 265 606 892 248
2 270 581 1017 250
2 272 713 905 251
2 273 706 961 251
2 278 779 876 253
2 279 809 873 253
2 280 814 679 254
2 281 840 701 254
2 282 760 532 255
2 283 833 540 255
2 284 730 807 256
2 285 708 812 256
2 286 636 827 257
2 287 661 835 257
2 288 650 878 258
2 289 644 917 258
2 290 722 858 259
2 291 743 858 259
2 292 510 987 260
2 293 522 926 260
2 296 627 976 261
2 297 608 1006 261
2 302 633 946 262
2 303 658 961 262
2 306 633 1033 263
2 307 647 1024 263
2 312 980 938 311
2 313 1125 881 311
2 316 928 900 315
2 317 938 972 315
2 318 995 922 314
2 319 1179 868 314
2 326 164 925 22
2 333 308 738 330
2 337 353 960 334
2 338 240 995 335
2 339 286 1033 335
2 340 402 655 332
2 341 379 744 332
2 353 43 791 351
2 354 42 852 351
2 355 126 736 349
2 356 256 762 349
2 357 224 799 350
2 358 295 925 350
2 373 393 968 365
2 374 478 911 365
2 375 267 734 366
2 376 310 894 366
2 385 328 944 370
2 386 383 916 370
2 391 529 901 369
2 392 559 919 369
2 396 293 564 26
2 397 470 735 395
2 401 344 674 398
2 402 302 667 398
2 418 215 606 409
2 419 245 675 410
2 420 455 828 410
2 421 207 873 411
2 423 260 803 412
2 424 297 871 412
2 425 273 687 413
2 426 330 490 413
2 427 384 597 414
2 428 319 705 414
2 429 595 747 415
2 430 500 803 415
2 431 320 780 416
2 432 339 830 416
2 441 368 742 417
2 442 377 755 417
2 446 359 124 28
2 447 126 167 445
2 448 224 262 445
2 450 910 115 29
2 458 1338 504 456
2 459 1283 733 453
2 460 1243 827 453
2 461 1129 566 454
2 479 1280 225 473
2 480 1230 457 473
2 481 1024 193 474
2 482 1118 252 474
2 483 1208 13 475
2 484 1099 316 475
2 485 1320 135 477
2 486 1242 54 477
2 493 1199 962 491
2 494 1097 944 491
2 497 1341 937 495
2 498 1298 940 495
2 511 1146 969 510
2 519 232 353 516
2 526 115 1038 521
2 527 142 708 524
2 528 229 754 524
2 534 12 860 532
2 535 153 864 532
2 536 229 769 533
2 537 187 833 533
2 547 416 923 545
2 548 443 995 545
2 549 386 842 546
2 562 178 205 560
2 563 126 137 561
2 564 108 163 561
2 567 121 213 445
2 573 71 944 571
2 585 52 63 584
2 586 43 71 584
2 592 133 815 591
2 593 48 815 591
2 595 876 910 594
2 596 872 968 594
2 601 316 1014 352
2 605 391 1007 603
2 610 404 1027 609
2 614 345 998 613
2 615 341 1032 613
2 618 465 1014 -1
2 619 430 868 -1
2 622 23 994 621
2 623 59 988 621
2 627 176 1002 626
2 628 225 1036 -1
2 634 473 1035 -1
2 635 448 1024 -1
2 640 52 1037 -1
2 645 508 1033 -1
2 651 1075 1001 -1
2 657 1019 1000 -1
2 663 1360 870 -1
2 667 1264 642 -1
2 669 1340 639 -1
2 674 1132 341 673
2 675 1252 377 673
2 680 1268 99 -1
2 681 1367 85 -1
2 682 1350 32 -1
2 690 1230 25 688
2 691 1206 33 688
2 693 1058 186 692
2 694 1134 36 692
2 702 98 46 701
2 703 132 19 701
2 705 141 51 -1
2 708 123 298 707
2 709 28 341 707
2 712 46 35 710
2 715 29 296 -1
3 31 837 84 -1
3 34 751 234 32
3 35 879 174 32
3 36 1003 208 33
3 37 861 270 33
3 42 505 337 38
3 44 670 443 43
3 45 783 417 43
3 46 464 578 40
3 47 592 433 40
3 48 709 631 41
3 49 458 678 41
3 60 818 622 59
3 61 772 658 59
3 64 559 867 58
3 65 563 950 58
3 66 423 776 56
3 67 515 848 56
3 78 525 671 74
3 79 514 715 74
3 80 672 700 75
3 81 576 836 75
3 82 644 474 76
3 83 572 564 76
3 84 646 533 77
3 85 655 614 77
3 100 346 869 99
3 101 494 944 99
3 102 812 493 98
3 103 943 639 98
3 104 785 559 96
3 105 915 602 96
3 106 685 856 97
3 107 778 836 97
3 118 1057 374 114
3 119 951 372 114
3 120 933 413 115
3 121 884 332 115
3 122 452 529 116
3 123 543 534 116
3 124 745 452 117
3 125 848 381 117
3 136 551 479 132
3 137 339 449 132
3 140 430 349 138
3 141 770 285 138
3 142 607 563 139
3 143 553 741 139
3 148 543 594 134
3 149 444 792 134
3 152 591 280 135
3 153 709 324 135
3 171 1022 307 165
3 172 231 549 166
3 173 256 446 166
3 174 455 483 167
3 175 391 364 167
3 178 1070 493 169
3 179 1240 344 169
3 184 459 640 13
3 185 883 828 13
3 193 825 899 192
3 194 788 932 192
3 205 856 741 201
3 207 949 946 200
3 210 860 998 199
3 211 859 907 199
3 228 745 684 206
3 229 771 704 206
3 230 794 896 203
3 231 751 942 203
3 249 615 929 240
3 252 738 753 242
3 264 616 857 248
3 265 606 892 248
3 270 582 1017 250
3 272 713 906 251
3 273 707 961 251
3 278 779 876 253
3 279 809 874 253
3 280 814 679 254
3 281 839 702 254
3 282 759 532 255
3 283 834 539 255
3 284 731 807 256
3 285 708 812 256
3 286 636 826 257
3 287 661 836 257
3 288 650 878 258
3 289 645 917 258
3 290 721 857 259
3 291 743 859 259
3 292 510 988 260
3 293 523 927 260
3 296 628 977 261
3 297 609 1006 261
3 302 633 946 262
3 303 658 962 262
3 306 633 1033 263
3 307 647 1024 263
3 312 981 939 311
3 313 1126 881 311
3 316 930 901 315
3 317 940 971 315
3 318 998 923 314
3 319 1178 869 314
3 326 164 925 22
3 333 307 737 330
3 337 354 960 334
3 338 240 994 335
3 339 288 1032 335
3 340 401 655 332
3 341 379 745 332
3 353 43 790 351
3 354 41 851 351
3 355 125 736 349
3 356 256 763 349
3 357 221 799 350
3 358 294 925 350
3 373 393 968 365
3 374 476 910 365
3 375 266 734 366
3 376 310 895 366
3 385 327 946 370
3 386 383 915 370
3 391 530 902 369
3 392 560 919 369
3 396 294 563 26
3 397 470 735 395
3 401 345 674 398
3 402 301 666 398
3 418 215 605 409
3 419 245 674 410
3 420 455 828 410
3 421 206 872 411
3 423 259 804 412
3 424 297 871 412
3 425 274 689 413
3 426 330 490 413
3 427 383 597 414
3 428 318 705 414
3 429 597 748 415
3 430 501 802 415
3 431 319 779 416
3 432 338 829 416
3 441 365 739 417
3 442 375 756 417
3 446 359 124 28
3 447 124 166 445
3 448 226 263 445
3 450 912 115 29
3 458 1338 504 456
3 459 1283 733 453
3 460 1243 829 453
3 461 1129 566 454
3 479 1278 224 473
3 480 1232 456 473
3 481 1023 192 474
3 482 1119 250 474
3 483 1209 13 475
3 484 1099 315 475
3 485 1320 136 477
3 486 1243 55 477
3 493 1199 962 491
3 494 1097 943 491
3 497 1341 937 495
3 498 1298 940 495
3 511 1145 969 510
3 519 230 354 516
3 526 117 1037 521
3 527 142 707 524
3 528 229 753 524
3 534 9 861 532
3 535 153 865 532
3 536 228 769 533
3 537 187 833 533
3 547 416 922 545
3 548 441 1005 545
3 551 381 836 549
3 552 386 849 549
3 562 178 206 560
3 563 126 137 561
3 564 107 164 561
3 567 120 213 445
3 573 71 944 571
3 585 52 63 584
3 586 44 72 584
3 592 134 817 591
3 593 47 814 591
3 595 876 910 594
3 596 871 968 594
3 601 316 1011 352
3 605 391 1007 603
3 610 405 1027 609
3 614 344 996 613
3 615 340 1032 613
3 618 465 1014 -1
3 619 429 862 -1
3 622 23 994 621
3 623 58 987 621
3 627 176 1002 626
3 628 225 1036 -1
3 634 473 1034 -1
3 635 450 1022 -1
3 640 50 1033 -1
3 645 508 1034 -1
3 651 1077 1002 -1
3 657 1020 1000 -1
3 663 1360 868 -1
3 667 1262 642 -1
3 669 1337 638 -1
3 674 1131 342 673
3 675 1251 378 673
3 680 1266 99 -1
3 681 1369 84 -1
3 682 1349 30 -1
3 690 1232 26 688
3 691 1204 34 688
3 693 1058 185 692
3 694 1136 36 692
3 702 98 46 701
3 703 132 18 701
3 705 141 50 -1
3 708 126 297 707
3 709 28 339 707
3 712 46 35 710
3 715 30 296 -1
4 31 837 84 -1
4 34 751 233 32
4 35 879 174 32
4 36 1002 208 33
4 37 861 270 33
4 42 503 338 38
4 44 671 442 43
4 45 782 416 43
4 46 467 578 40
4 47 592 431 40
4 48 709 629 41
4 49 458 678 41
4 60 820 622 59
4 61 771 658 59
4 64 559 865 58
4 65 562 952 58
4 66 423 775 56
4 67 514 849 56
4 78 525 670 74
4 79 513 716 74
4 80 672 699 75
4 81 576 838 75
4 82 646 474 76
4 83 572 567 76
4 84 648 533 77
4 85 656 612 77
4 100 346 869 99
4 101 493 944 99
4 102 813 493 98
4 103 943 638 98
4 104 785 560 96
4 105 916 600 96
4 106 685 857 97
4 107 778 835 97
4 118 1059 374 114
4 119 950 373 114
4 120 933 415 115
4 121 889 334 115
4 122 451 530 116
4 123 544 534 116
4 124 743 451 117
4 125 849 381 117
4 136 551 478 132
4 137 339 449 132
4 140 429 349 138
4 141 769 284 138
4 142 607 561 139
4 143 554 742 139
4 148 543 594 134
4 149 444 793 134
4 152 591 280 135
4 153 710 324 135
4 171 1023 307 165
4 172 233 551 166
4 173 257 445 166
4 174 457 482 167
4 175 391 363 167
4 178 1070 491 169
4 179 1240 344 169
4 184 459 640 13
4 185 884 828 13
4 193 826 901 192
4 194 789 933 192
4 205 856 741 201
4 207 949 946 200
4 210 860 998 199
4 211 859 907 199
4 228 744 684 206
4 229 772 705 206
4 230 795 897 203
4 231 752 942 203
4 249 618 929 240
4 252 738 752 242
4 264 616 856 248
4 265 606 893 248
4 270 583 1018 250
4 272 714 906 251
4 273 709 962 251
4 278 780 876 253
4 279 809 874 253
4 280 814 678 254
4 281 839 702 254
4 282 759 531 255
4 283 834 539 255
4 284 731 807 256
4 285 708 811 256
4 286 636 826 257
4 287 660 837 257
4 288 651 878 258
4 289 646 917 258
4 290 719 856 259
4 291 743 859 259
4 292 510 988 260
4 293 524 927 260
4 296 629 978 261
4 297 609 1007 261
4 302 634 946 262
4 303 659 962 262
4 306 633 1033 263
4 307 646 1024 263
4 312 983 940 311
4 313 1127 881 311
4 316 932 901 315
4 317 941 971 315
4 318 999 923 314
4 319 1178 870 314
4 326 164 925 22
4 333 307 736 330
4 337 355 960 334
4 338 240 993 335
4 339 290 1032 335
4 340 399 656 332
4 341 378 747 332
4 353 42 790 351
4 354 40 849 351
4 355 125 736 349
4 356 255 764 349
4 357 219 799 350
4 358 293 926 350
4 373 393 968 365
4 374 475 910 365
4 375 266 733 366
4 376 309 895 366
4 385 326 948 370
4 386 383 913 370
4 391 531 902 369
4 392 562 920 369
4 396 295 562 26
4 397 470 734 395
4 401 345 674 398
4 402 302 664 398
4 418 216 603 409
4 419 245 674 410
4 420 454 828 410
4 421 204 870 411
4 423 257 805 412
4 424 296 871 412
4 425 274 690 413
4 426 330 490 413
4 427 382 596 414
4 428 318 704 414
4 429 599 749 415
4 430 501 802 415
4 431 319 778 416
4 432 337 828 416
4 441 364 738 417
4 442 372 758 417
4 446 358 124 28
4 447 123 165 445
4 448 227 264 445
4 450 912 114 29
4 458 1338 505 456
4 459 1282 732 453
4 460 1242 830 453
4 461 1129 566 454
4 479 1276 223 473
4 480 1233 454 473
4 481 1022 192 474
4 482 1119 247 474
4 483 1210 13 475
4 484 1100 314 475
4 485 1320 136 477
4 486 1244 56 477
4 493 1199 963 491
4 494 1097 943 491
4 497 1341 937 495
4 498 1298 940 495
4 511 1143 969 510
4 519 229 354 516
4 526 119 1037 521
4 527 141 706 524
4 528 229 752 524
4 534 6 862 532
4 535 153 867 532
4 536 226 769 533
4 537 187 833 533
4 547 416 921 545
4 548 439 1011 545
4 551 381 836 549
4 552 388 850 549
4 562 178 207 560
4 563 126 137 561
4 564 106 165 561
4 567 118 212 445
4 573 70 943 571
4 585 53 63 584
4 586 44 74 584
4 592 134 819 591
4 593 46 813 591
4 595 876 910 594
4 596 870 966 594
4 601 316 1009 352
4 605 390 1007 603
4 610 405 1027 609
4 614 343 993 613
4 615 339 1031 613
4 618 464 1014 -1
4 619 428 857 -1
4 622 22 993 621
4 623 57 986 621
4 627 176 1002 626
4 628 225 1036 -1
4 634 472 1034 -1
4 635 450 1020 -1
4 640 50 1033 -1
4 645 508 1033 -1
4 651 1080 1002 -1
4 657 1020 1000 -1
4 663 1360 866 -1
4 667 1261 642 -1
4 669 1332 637 -1
4 674 1129 344 673
4 675 1251 378 673
4 680 1265 99 -1
4 681 1371 83 -1
4 682 1348 28 -1
4 690 1234 28 688
4 691 1203 35 688
4 693 1058 183 692
4 694 1137 36 692
4 702 97 46 701
4 703 134 17 701
4 705 142 49 -1
4 708 128 294 707
4 709 29 336 707
4 712 46 36 710
4 715 31 295 -1
5 31 837 84 -1
5 34 751 232 32
5 35 879 174 32
5 36 1002 208 33
5 37 861 270 33
5 42 501 339 38
5 44 671 441 43
5 45 780 416 43
5 46 469 578 40
5 47 593 430 40
5 48 710 627 41
5 49 458 678 41
5 60 823 621 59
5 61 771 657 59
5 64 559 863 58
5 65 561 954 58
5 66 423 774 56
5 67 512 850 56
5 78 526 669 74
5 79 511 717 74
5 80 672 699 75
5 81 576 840 75
5 82 648 473 76
5 83 571 570 76
5 84 651 533 77
5 85 658 610 77
5 100 346 868 99
5 101 493 944 99
5 102 814 492 98
5 103 944 637 98
5 104 786 561 96
5 105 917 598 96
5 106 684 859 97
5 107 778 834 97
5 118 1062 373 114
5 119 950 374 114
5 120 934 416 115
5 121 895 337 115
5 122 450 530 116
5 123 545 535 116
5 124 739 450 117
5 125 849 381 117
5 136 551 477 132
5 137 339 448 132
5 140 429 349 138
5 141 768 283 138
5 142 607 560 139
5 143 555 742 139
5 148 543 595 134
5 149 444 793 134
5 152 591 279 135
5 153 710 324 135
5 171 1024 307 165
5 172 234 553 166
5 173 259 443 166
5 174 459 482 167
5 175 391 362 167
5 178 1071 490 169
5 179 1240 344 169
5 184 460 640 13
5 185 885 828 13
5 193 825 902 192
5 194 790 934 192
5 205 855 742 201
5 207 948 947 200
5 210 860 998 199
5 211 858 907 199
5 228 742 684 206
5 229 772 706 206
5 230 795 897 203
5 231 753 941 203
5 252 738 752 242
5 264 616 855 248
5 265 606 893 248
5 268 613 920 249
5 269 619 930 249
5 270 583 1018 250
5 272 714 905 251
5 273 710 962 251
5 278 780 876 253
5 279 810 874 253
5 280 813 678 254
5 281 839 702 254
5 282 759 531 255
5 283 834 538 255
5 284 732 806 256
5 285 708 811 256
5 286 637 826 257
5 287 660 838 257
5 288 652 878 258
5 289 646 917 258
5 290 718 856 259
5 291 743 860 259
5 292 510 988 260
5 293 525 928 260
5 296 630 978 261
5 297 610 1007 261
5 302 634 945 262
5 303 659 963 262
5 306 634 1033 263
5 307 647 1023 263
5 312 986 941 311
5 313 1128 881 311
5 316 933 902 315
5 317 943 971 315
5 318 1000 924 314
5 319 1177 872 314
5 326 164 925 22
5 333 306 736 330
5 337 356 960 334
5 338 239 992 335
5 339 292 1031 335
5 340 398 656 332
5 341 378 749 332
5 353 42 789 351
5 354 38 848 351
5 355 123 736 349
5 356 254 766 349
5 357 217 799 350
5 358 293 926 350
5 373 393 968 365
5 374 474 909 365
5 375 266 733 366
5 376 309 895 366
5 385 325 950 370
5 386 384 911 370
5 391 532 903 369
5 392 563 920 369
5 396 295 562 26
5 397 470 733 395
5 401 345 674 398
5 402 302 662 398
5 418 216 602 409
5 419 246 673 410
5 420 454 828 410
5 421 203 870 411
5 423 256 806 412
5 424 296 872 412
5 425 274 690 413
5 426 330 490 413
5 427 381 596 414
5 428 318 704 414
5 429 601 751 415
5 430 501 801 415
5 431 318 776 416
5 432 336 827 416
5 441 363 736 417
5 442 369 760 417
5 446 356 124 28
5 447 122 164 445
5 448 229 264 445
5 450 911 113 29
5 458 1338 504 456
5 459 1282 732 453
5 460 1242 832 453
5 461 1129 566 454
5 479 1274 222 473
5 480 1234 453 473
5 481 1022 191 474
5 482 1120 246 474
5 483 1211 13 475
5 484 1101 313 475
5 485 1321 136 477
5 486 1246 57 477
5 493 1198 963 491
5 494 1096 942 491
5 497 1341 937 495
5 498 1298 939 495
5 511 1141 970 510
5 519 227 354 516
5 526 121 1037 521
5 527 140 705 524
5 528 228 751 524
5 534 4 863 532
5 535 153 869 532
5 536 224 768 533
5 537 187 833 533
5 547 416 921 545
5 548 438 1012 545
5 551 380 835 549
5 552 388 851 549
5 562 178 207 560
5 563 125 138 561
5 564 105 166 561
5 567 116 212 445
5 573 70 942 571
5 585 54 63 584
5 586 46 75 584
5 592 133 821 591
5 593 46 812 591
5 595 876 911 594
5 596 868 965 594
5 601 315 1007 352
5 605 390 1008 603
5 610 406 1027 609
5 614 342 992 613
5 615 337 1031 613
5 618 465 1014 -1
5 619 428 853 -1
5 622 22 993 621
5 623 57 985 621
5 627 176 1002 626
5 628 225 1036 -1
5 634 472 1033 -1
5 635 448 1027 -1
5 640 50 1033 -1
5 645 509 1033 -1
5 651 1081 1003 -1
5 657 1021 1000 -1
5 663 1360 864 -1
5 667 1259 641 -1
5 669 1328 636 -1
5 674 1128 345 673
5 675 1250 379 673
5 680 1264 99 -1
5 681 1374 81 -1
5 682 1348 27 -1
5 690 1236 29 688
5 691 1201 34 688
5 693 1058 182 692
5 694 1138 35 692
5 702 96 47 701
5 703 137 15 701
5 705 142 48 -1
5 708 130 292 707
5 709 29 332 707
5 712 46 36 710
5 715 32 294 -1
6 31 838 84 -1
6 34 751 231 32
6 35 879 174 32
6 36 1002 208 33
6 37 861 269 33
6 42 501 342 38
6 44 671 439 43
6 45 778 416 43
6 46 472 578 40
6 47 592 429 40
6 48 710 626 41
6 49 458 678 41
6 60 827 620 59
6 61 771 656 59
6 64 558 860 58
6 65 561 955 58
6 66 424 772 56
6 67 511 852 56
6 78 527 668 74
6 79 510 718 74
6 80 672 698 75
6 81 577 843 75
6 82 651 472 76
6 83 571 572 76
6 84 653 534 77
6 85 659 609 77
6 100 345 866 99
6 101 493 945 99
6 102 815 492 98
6 103 945 636 98
6 104 787 562 96
6 105 918 597 96
6 106 684 860 97
6 107 778 833 97
6 118 1066 372 114
6 119 951 374 114
6 120 935 418 115
6 121 897 337 115
6 122 449 531 116
6 123 545 534 116
6 124 737 450 117
6 125 850 381 117
6 136 551 475 132
6 137 339 447 132
6 140 428 350 138
6 141 768 281 138
6 142 607 559 139
6 143 555 742 139
6 148 543 595 134
6 149 444 793 134
6 152 591 279 135
6 153 711 324 135
6 171 1025 307 165
6 172 236 554 166
6 173 260 441 166
6 174 461 481 167
6 175 391 362 167
6 178 1071 489 169
6 179 1241 344 169
6 184 460 640 13
6 185 885 828 13
6 193 824 904 192
6 194 790 934 192
6 205 855 742 201
6 207 947 947 200
6 210 859 999 199
6 211 858 907 199
6 228 741 684 206
6 229 772 708 206
6 230 795 898 203
6 231 755 941 203
6 252 738 752 242
6 264 616 854 248
6 265 605 893 248
6 268 614 919 249
6 269 621 929 249
6 270 583 1019 250
6 272 714 905 251
6 273 711 963 251
6 278 780 876 253
6 279 811 874 253
6 280 813 677 254
6 281 839 703 254
6 282 759 531 255
6 283 834 538 255
6 284 732 806 256
6 285 708 811 256
6 286 637 825 257
6 287 659 839 257
6 288 653 878 258
6 289 648 916 258
6 290 718 855 259
6 291 743 860 259
6 292 510 988 260
6 293 525 928 260
6 296 630 979 261
6 297 610 1007 261
6 302 634 945 262
6 303 660 963 262
6 306 634 1034 263
6 307 647 1023 263
6 312 988 942 311
6 313 1129 881 311
6 316 936 902 315
6 317 944 971 315
6 318 1002 924 314
6 319 1177 872 314
6 326 164 925 22
6 333 306 735 330
6 337 357 960 334
6 338 239 991 335
6 339 294 1031 335
6 340 397 657 332
6 341 378 751 332
6 353 42 789 351
6 354 37 847 351
6 355 122 735 349
6 356 253 769 349
6 357 216 799 350
6 358 292 927 350
6 373 393 968 365
6 374 472 910 365
6 375 265 733 366
6 376 308 896 366
6 385 324 952 370
6 386 384 909 370
6 391 533 903 369
6 392 564 920 369
6 396 296 562 26
6 397 470 733 395
6 401 346 675 398
6 402 303 660 398
6 418 217 601 409
6 419 246 673 410
6 420 454 829 410
6 421 202 869 411
6 423 253 807 412
6 424 296 872 412
6 425 274 690 413
6 426 331 491 413
6 427 380 595 414
6 428 317 704 414
6 429 603 752 415
6 430 500 801 415
6 431 317 775 416
6 432 336 826 416
6 441 362 735 417
6 442 368 761 417
6 446 354 124 28
6 447 121 164 445
6 448 231 265 445
6 450 911 112 29
6 458 1338 504 456
6 459 1282 731 453
6 460 1241 833 453
6 461 1129 566 454
6 479 1272 221 473
6 480 1234 451 473
6 481 1021 190 474
6 482 1120 244 474
6 483 1211 13 475
6 484 1101 312 475
6 485 1322 136 477
6 486 1248 59 477
6 493 1198 964 491
6 494 1096 941 491
6 497 1341 937 495
6 498 1298 939 495
6 511 1140 970 510
6 519 225 354 516
6 526 122 1037 521
6 527 139 704 524
6 528 227 751 524
6 534 3 863 532
6 535 153 871 532
6 536 222 768 533
6 537 186 834 533
6 547 416 920 545
6 551 378 835 549
6 552 387 851 549
6 555 434 1024 548
6 556 439 1012 548
6 562 178 208 560
6 563 125 138 561
6 564 104 167 561
6 567 114 211 445
6 573 70 942 571
6 585 54 62 584
6 586 47 76 584
6 592 131 823 591
6 593 46 812 591
6 595 876 911 594
6 596 867 964 594
6 601 315 1006 352
6 605 389 1008 603
6 610 407 1027 609
6 614 342 990 613
6 615 336 1030 613
6 618 466 1014 -1
6 619 428 849 -1
6 622 21 992 621
6 623 57 985 621
6 627 176 1002 626
6 628 224 1036 -1
6 634 472 1033 -1
6 635 452 1028 -1
6 640 50 1034 -1
6 645 509 1033 -1
6 651 1083 1003 -1
6 657 1021 1000 -1
6 663 1360 862 -1
6 667 1258 641 -1
6 669 1325 635 -1
6 674 1127 348 673
6 675 1250 380 673
6 680 1263 98 -1
6 681 1376 80 -1
6 682 1347 25 -1
6 683 1388 154 -1
6 690 1238 30 688
6 691 1200 32 688
6 693 1058 180 692
6 694 1140 34 692
6 702 94 47 701
6 703 139 14 701
6 705 142 47 -1
6 708 131 290 707
6 709 30 329 707
6 712 46 35 710
6 715 33 292 -1
7 31 838 83 -1
7 34 751 230 32
7 35 879 175 32
7 36 1002 208 33
7 37 861 269 33
7 42 501 343 38
7 44 671 438 43
7 45 777 415 43
7 46 474 578 40
7 47 593 428 40
7 48 710 625 41
7 49 458 678 41
7 60 832 619 59
7 61 771 655 59
7 64 557 856 58
7 65 561 957 58
7 66 424 771 56
7 67 509 853 56
7 78 528 668 74
7 79 509 718 74
7 80 672 698 75
7 81 577 845 75
7 82 652 472 76
7 83 570 574 76
7 84 655 534 77
7 85 660 607 77
7 100 345 865 99
7 101 493 945 99
7 102 816 492 98
7 103 945 636 98
7 104 788 564 96
7 105 919 595 96
7 106 684 862 97
7 107 779 832 97
7 118 1069 372 114
7 119 951 375 114
7 120 935 419 115
7 121 894 340 115
7 122 448 532 116
7 123 546 533 116
7 124 735 449 117
7 125 851 381 117
7 136 551 475 132
7 137 338 447 132
7 140 428 350 138
7 141 767 280 138
7 142 607 558 139
7 143 556 743 139
7 148 543 595 134
7 149 444 793 134
7 152 592 279 135
7 153 711 324 135
7 171 1025 307 165
7 172 238 555 166
7 173 261 439 166
7 174 464 481 167
7 175 392 360 167
7 178 1072 487 169
7 179 1241 345 169
7 184 460 640 13
7 185 886 828 13
7 193 822 906 192
7 194 791 934 192
7 205 855 742 201
7 207 947 948 200
7 210 859 998 199
7 211 858 907 199
7 228 740 685 206
7 229 773 710 206
7 230 796 898 203
7 231 756 940 203
7 252 738 752 242
7 264 616 853 248
7 265 605 893 248
7 268 613 919 249
7 269 622 929 249
7 270 584 1020 250
7 272 714 905 251
7 273 711 963 251
7 278 780 876 253
7 279 811 874 253
7 280 813 677 254
7 281 839 703 254
7 282 759 531 255
7 283 834 537 255
7 284 733 806 256
7 285 707 811 256
7 286 637 825 257
7 287 659 840 257
7 288 654 878 258
7 289 649 916 258
7 290 718 855 259
7 291 744 860 259
7 292 511 988 260
7 293 525 928 260
7 296 630 979 261
7 297 611 1008 261
7 302 634 945 262
7 303 660 964 262
7 306 634 1034 263
7 307 648 1022 263
7 312 989 943 311
7 313 1130 881 311
7 316 939 902 315
7 317 946 973 315
7 318 1003 925 314
7 319 1177 874 314
7 326 164 925 22
7 333 305 735 330
7 337 357 960 334
7 338 239 991 335
7 339 296 1030 335
7 340 396 658 332
7 341 378 752 332
7 353 42 788 351
7 354 36 846 351
7 355 120 735 349
7 356 251 780 349
7 357 214 799 350
7 358 292 928 350
7 373 393 969 365
7 374 470 910 365
7 375 265 733 366
7 376 307 897 366
7 385 323 951 370
7 386 384 908 370
7 391 534 903 369
7 392 565 921 369
7 396 296 561 26
7 397 470 733 395
7 401 347 675 398
7 402 304 658 398
7 418 217 600 409
7 419 246 672 410
7 420 453 830 410
7 421 201 868 411
7 423 251 808 412
7 424 295 872 412
7 425 274 691 413
7 426 332 491 413
7 427 380 595 414
7 428 317 704 414
7 429 604 752 415
7 430 500 800 415
7 431 316 774 416
7 432 335 825 416
7 441 362 734 417
7 442 366 762 417
7 446 353 124 28
7 447 120 163 445
7 448 234 266 445
7 450 911 112 29
7 458 1338 504 456
7 459 1282 731 453
7 460 1241 834 453
7 461 1129 566 454
7 479 1269 220 473
7 480 1234 450 473
7 481 1020 189 474
7 482 1121 243 474
7 483 1213 13 475
7 484 1101 311 475
7 485 1323 136 477
7 486 1249 60 477
7 493 1198 964 491
7 494 1096 941 491
7 497 1341 938 495
7 498 1297 939 495
7 511 1138 970 510
7 519 224 355 516
7 526 123 1037 521
7 527 139 703 524
7 528 227 750 524
7 534 2 863 532
7 535 153 873 532
7 536 221 768 533
7 537 184 834 533
7 547 416 919 545
7 551 377 834 549
7 552 387 852 549
7 555 429 1031 548
7 556 436 1018 548
7 562 177 207 560
7 563 124 139 561
7 564 103 168 561
7 567 113 210 445
7 573 70 941 571
7 585 54 61 584
7 586 47 76 584
7 592 130 824 591
7 593 45 811 591
7 595 876 911 594
7 596 865 963 594
7 601 314 1004 352
7 605 388 1009 603
7 610 407 1026 609
7 614 342 987 613
7 615 335 1029 613
7 618 466 1014 -1
7 619 428 845 -1
7 622 20 992 621
7 623 57 984 621
7 627 176 1001 626
7 628 224 1036 -1
7 634 471 1032 -1
7 635 453 1028 -1
7 640 51 1034 -1
7 645 510 1033 -1
7 651 1086 1003 -1
7 657 1022 1000 -1
7 663 1359 860 -1
7 667 1258 641 -1
7 669 1322 636 -1
7 674 1126 351 673
7 675 1249 381 673
7 680 1261 98 -1
7 681 1376 80 -1
7 682 1347 24 -1
7 683 1387 154 -1
7 690 1239 32 688
7 691 1198 30 688
7 693 1058 179 692
7 694 1142 34 692
7 702 94 47 701
7 703 140 13 701
7 705 142 46 -1
7 708 133 287 707
7 709 31 327 707
7 712 46 35 710
7 715 35 291 -1
8 31 837 82 -1
8 34 751 228 32
8 35 879 175 32
8 36 1002 208 33
8 37 861 269 33
8 42 502 344 38
8 44 671 437 43
8 45 775 415 43
8 46 476 578 40
8 47 594 427 40
8 48 710 623 41
8 49 459 678 41
8 60 835 618 59
8 61 771 654 59
8 64 557 853 58
8 65 562 960 58
8 66 424 770 56
8 67 508 854 56
8 78 528 667 74
8 79 508 719 74
8 80 672 697 75
8 81 577 847 75
8 82 653 472 76
8 83 570 575 76
8 84 657 534 77
8 85 661 606 77
8 100 345 864 99
8 101 493 945 99
8 102 817 492 98
8 103 946 635 98
8 104 789 564 96
8 105 921 593 96
8 106 685 863 97
8 107 779 830 97
8 118 1071 372 114
8 119 951 376 114
8 120 936 420 115
8 121 894 338 115
8 122 447 532 116
8 123 546 532 116
8 124 733 448 117
8 125 851 380 117
8 136 552 474 132
8 137 338 447 132
8 140 427 351 138
8 141 767 279 138
8 142 608 557 139
8 143 556 743 139
8 148 543 594 134
8 149 445 793 134
8 152 592 279 135
8 153 711 325 135
8 171 1026 308 165
8 172 241 556 166
8 173 263 438 166
8 174 467 481 167
8 175 392 359 167
8 178 1072 484 169
8 179 1242 345 169
8 184 460 640 13
8 185 886 828 13
8 193 821 908 192
8 194 791 935 192
8 205 855 743 201
8 207 946 948 200
8 210 858 997 199
8 211 858 907 199
8 228 738 685 206
8 229 774 712 206
8 230 797 898 203
8 231 757 939 203
8 252 738 753 242
8 264 616 853 248
8 265 605 893 248
8 268 612 918 249
8 269 624 928 249
8 270 585 1021 250
8 272 714 905 251
8 273 711 964 251
8 278 780 875 253
8 279 812 873 253
8 280 812 677 254
8 281 840 704 254
8 282 759 530 255
8 283 834 537 255
8 284 733 806 256
8 285 707 810 256
8 286 637 824 257
8 287 658 840 257
8 288 655 878 258
8 289 651 915 258
8 290 717 855 259
8 291 744 860 259
8 292 511 988 260
8 293 525 929 260
8 296 631 980 261
8 297 612 1009 261
8 302 635 945 262
8 303 661 964 262
8 306 634 1034 263
8 307 648 1022 263
8 312 991 944 311
8 313 1131 881 311
8 316 941 902 315
8 317 948 973 315
8 318 1004 926 314
8 319 1177 875 314
8 326 164 925 22
8 333 305 734 330
8 337 358 960 334
8 338 239 990 335
8 339 298 1030 335
8 340 394 658 332
8 341 377 754 332
8 353 41 787 351
8 354 36 846 351
8 355 118 734 349
8 356 250 781 349
8 357 212 799 350
8 358 291 928 350
8 373 393 969 365
8 374 468 911 365
8 375 264 733 366
8 376 306 897 366
8 385 322 951 370
8 386 384 907 370
8 391 536 904 369
8 392 567 921 369
8 396 296 561 26
8 397 470 733 395
8 401 348 675 398
8 402 304 657 398
8 418 218 600 409
8 419 246 672 410
8 420 452 830 410
8 421 199 867 411
8 423 250 809 412
8 424 293 873 412
8 425 274 691 413
8 426 332 492 413
8 427 379 594 414
8 428 317 704 414
8 429 605 753 415
8 430 500 800 415
8 431 315 774 416
8 432 334 824 416
8 441 361 734 417
8 442 364 763 417
8 446 352 124 28
8 447 118 162 445
8 448 236 266 445
8 450 912 113 29
8 458 1338 504 456
8 459 1281 730 453
8 460 1242 836 453
8 461 1129 566 454
8 479 1268 220 473
8 480 1235 448 473
8 481 1018 186 474
8 482 1121 241 474
8 483 1215 14 475
8 484 1102 310 475
8 485 1323 137 477
8 486 1250 61 477
8 493 1198 965 491
8 494 1096 940 491
8 497 1341 938 495
8 498 1297 939 495
8 511 1137 971 510
8 519 224 354 516
8 526 124 1036 521
8 527 138 703 524
8 528 227 750 524
8 534 1 863 532
8 535 153 874 532
8 536 219 768 533
8 537 182 834 533
8 547 417 919 545
8 551 377 833 549
8 552 387 853 549
8 555 426 1035 548
8 556 437 1020 548
8 562 176 207 560
8 563 123 139 561
8 564 101 170 561
8 567 112 209 445
8 573 70 940 571
8 585 54 59 584
8 586 48 76 584
8 592 129 826 591
8 593 45 811 591
8 595 876 911 594
8 596 864 962 594
8 601 314 1002 352
8 605 387 1010 603
8 610 408 1025 609
8 614 342 985 613
8 615 334 1028 613
8 618 467 1014 -1
8 619 428 841 -1
8 622 18 991 621
8 623 56 983 621
8 627 176 1001 626
8 628 224 1036 -1
8 634 471 1032 -1
8 635 455 1028 -1
8 640 51 1034 -1
8 645 510 1032 -1
8 651 1089 1003 -1
8 657 1023 1000 -1
8 663 1359 859 -1
8 667 1257 641 -1
8 669 1318 637 -1
8 674 1126 353 673
8 675 1249 381 673
8 680 1260 97 -1
8 681 1377 79 -1
8 682 1346 22 -1
8 683 1387 154 -1
8 690 1241 32 688
8 691 1197 29 688
8 693 1057 177 692
8 694 1144 33 692
8 702 94 47 701
8 703 141 12 701
8 705 142 46 -1
8 708 135 285 707
8 709 32 324 707
8 712 47 35 710
8 715 36 290 -1
9 31 836 81 -1
9 34 751 227 32
9 35 879 176 32
9 36 1002 208 33
9 37 861 269 33
9 42 502 345 38
9 44 670 435 43
9 45 775 415 43
9 46 478 578 40
9 47 595 425 40
9 48 710 622 41
9 49 459 678 41
9 60 838 618 59
9 61 770 653 59
9 64 556 851 58
9 65 562 962 58
9 66 424 769 56
9 67 507 855 56
9 78 528 666 74
9 79 508 719 74
9 80 672 696 75
9 81 576 848 75
9 82 655 471 76
9 83 570 577 76
9 84 659 534 77
9 85 663 604 77
9 100 345 863 99
9 101 493 945 99
9 102 818 492 98
9 103 947 635 98
9 104 790 565 96
9 105 922 591 96
9 106 686 864 97
9 107 779 829 97
9 118 1071 375 114
9 119 951 376 114
9 120 938 421 115
9 121 895 337 115
9 122 446 533 116
9 123 546 532 116
9 124 732 447 117
9 125 852 380 117
9 136 552 472 132
9 137 338 446 132
9 140 426 351 138
9 141 766 278 138
9 142 608 556 139
9 143 556 744 139
9 148 543 594 134
9 149 444 793 134
9 152 592 279 135
9 153 710 325 135
9 171 1027 308 165
9 172 244 557 166
9 173 266 436 166
9 174 469 481 167
9 175 392 356 167
9 178 1073 483 169
9 179 1243 345 169
9 184 460 639 13
9 185 887 828 13
9 193 820 909 192
9 194 792 935 192
9 205 855 743 201
9 207 946 949 200
9 210 858 997 199
9 211 858 907 199
9 228 737 686 206
9 229 774 714 206
9 230 797 898 203
9 231 757 939 203
9 252 738 753 242
9 264 616 852 248
9 265 605 894 248
9 268 611 917 249
9 269 626 927 249
9 270 586 1022 250
9 272 714 904 251
9 273 711 964 251
9 278 779 875 253
9 279 812 873 253
9 280 812 676 254
9 281 840 704 254
9 282 759 530 255
9 283 834 536 255
9 284 733 806 256
9 285 707 810 256
9 286 637 824 257
9 287 658 841 257
9 288 655 878 258
9 289 653 915 258
9 290 717 854 259
9 291 744 860 259
9 292 511 988 260
9 293 525 929 260
9 296 631 981 261
9 297 612 1010 261
9 302 636 945 262
9 303 662 964 262
9 306 634 1035 263
9 307 649 1022 263
9 312 993 945 311
9 313 1131 881 311
9 316 943 902 315
9 317 950 974 315
9 318 1005 926 314
9 319 1177 876 314
9 326 164 925 22
9 333 304 733 330
9 337 359 959 334
9 338 239 990 335
9 339 299 1029 335
9 340 393 659 332
9 341 377 756 332
9 353 40 785 351
9 354 35 845 351
9 355 117 734 349
9 356 248 781 349
9 357 209 799 350
9 358 290 929 350
9 373 393 969 365
9 374 467 912 365
9 375 264 733 366
9 376 306 898 366
9 385 321 950 370
9 386 383 906 370
9 391 537 904 369
9 392 568 921 369
9 396 297 561 26
9 397 470 734 395
9 401 349 676 398
9 402 304 656 398
9 418 219 599 409
9 419 247 672 410
9 420 452 831 410
9 421 197 866 411
9 423 248 810 412
9 424 292 873 412
9 425 274 691 413
9 426 333 492 413
9 427 378 593 414
9 428 316 704 414
9 429 606 755 415
9 430 499 799 415
9 431 314 774 416
9 432 333 822 416
9 441 361 732 417
9 442 362 764 417
9 446 351 125 28
9 447 116 160 445
9 448 238 267 445
9 450 912 114 29
9 458 1338 504 456
9 459 1281 729 453
9 460 1242 838 453
9 461 1129 566 454
9 479 1266 219 473
9 480 1235 447 473
9 481 1017 184 474
9 482 1122 240 474
9 483 1218 15 475
9 484 1103 309 475
9 485 1324 138 477
9 486 1251 61 477
9 493 1198 965 491
9 494 1096 939 491
9 497 1341 938 495
9 498 1297 939 495
9 511 1137 972 510
9 519 223 353 516
9 526 125 1036 521
9 527 137 703 524
9 528 227 748 524
9 534 0 863 532
9 535 154 874 532
9 536 218 767 533
9 537 180 834 533
9 547 416 918 545
9 551 376 834 549
9 552 389 855 549
9 555 423 1037 548
9 556 437 1019 548
9 562 174 206 560
9 563 124 139 561
9 564 100 171 561
9 567 110 207 445
9 573 69 940 571
9 585 54 57 584
9 586 48 76 584
9 592 127 828 591
9 593 45 810 591
9 595 877 910 594
9 596 863 961 594
9 601 314 1000 352
9 605 387 1010 603
9 610 410 1024 609
9 614 342 983 613
9 615 333 1028 613
9 618 467 1014 -1
9 619 428 837 -1
9 622 17 991 621
9 623 56 982 621
9 627 176 1001 626
9 628 224 1036 -1
9 634 471 1033 -1
9 636 453 1031 635
9 637 454 1017 635
9 640 50 1034 -1
9 645 510 1032 -1
9 651 1092 1003 -1
9 657 1024 1000 -1
9 663 1359 858 -1
9 667 1256 640 -1
9 669 1315 638 -1
9 674 1123 354 673
9 675 1248 382 673
9 680 1258 96 -1
9 681 1378 78 -1
9 682 1345 20 -1
9 683 1386 154 -1
9 690 1243 32 688
9 691 1194 27 688
9 693 1057 174 692
9 694 1145 33 692
9 702 93 47 701
9 703 141 10 701
9 705 142 44 -1
9 708 136 284 707
9 709 34 322 707
9 712 47 35 710
9 715 37 289 -1
